23203
19404
25429
6816
32314
28012
28295
26896
533
22168
3594
19888
3581
31687
24843
13638
15538
10629
27507
5990
23939
4027
1050
31710
29725
4655
29495
28497
27297
590
21788
11041
10745
9770
5408
29842
3179
12479
5340
30509
24174
3962
21402
7779
25021
12540
10762
12915
1707
10523
28215
15502
20406
22057
5050
30264
4958
27513
7213
18417
4152
1312
27619
6933
1854
10489
22230
769
20585
22764
31201
375
7554
6767
13360
27204
24373
5964
21748
10783
103
15269
20827
29909
27593
30006
5823
7843
4013
30683
19742
9443
21529
11090
7626
10732
14106
9793
21089
26675
859
23163
24576
24758
21750
22143
12980
18586
24714
16450
19761
31250
12430
27950
4295
27780
19685
15210
16785
30695
178
4188
6896
26480
12909
8300
2103
8045
567
25611
21928
23153
8810
24052
28064
16817
7797
5810
30222
25774
999
29027
25129
21524
8649
15803
19555
25570
21041
11084
11416
22732
532
516
16012
1246
27484
17399
11412
5985
13626
7262
21139
9218
28350
16352
11560
9521
6053
8721
18726
32200
11122
9273
18245
15853
25280
8534
18455
12089
7894
31588
21565
27674
13180
3547
5338
1653
781
10618
28744
400
8398
32067
24330
9008
28030
4295
3330
24574
25134
13219
6884
26415
32083
1611
5099
4452
1562
6
27595
14031
6651
5690
6374
12440
14481
26858
7874
2431
16809
6269
7355
8642
6553
10433
13557
19009
26579
5423
24469
6880
9145
31345
32305
2093
25523
31009
17284
31811
8831
13780
17255
30446
28361
6743
16125
30991
14588
15416
301
16194
13143
3208
24405
4031
30787
13536
12860
8062
27364
17826
23369
21151
1518
6529
10739
23560
3258
4676
13689
80
21145
4806
32467
32732
3176
23106
28392
27719
24676
9421
1281
27911
10304
13604
18814
14158
6517
11176
22728
15663
18394
20135
6790
22530
13940
10205
30996
29193
27279
6971
11568
29524
13581
23271
29175
30177
9727
23683
13585
1288
24178
13234
5928
27670
13451
30168
20638
22585
24023
2850
20095
20892
5084
4295
7092
20434
26356
12429
27258
28024
13147
4494
21011
32534
27782
17980
5307
4423
12982
23459
478
4634
26318
28142
18568
10679
12385
26157
19997
1606
10768
17749
23882
7948
10259
8328
16699
13015
19733
12951
8463
1437
24901
9926
12169
8544
8106
207
776
7764
28086
17961
10681
13892
12575
19593
19979
10034
14314
20906
32611
10558
26313
16458
29458
31689
8614
18037
20868
19929
8832
8453
25529
1471
12918
16490
13561
11256
31009
10919
31940
32082
22055
16029
25865
26703
30989
15500
152
31182
11085
14295
1496
31976
169
22023
8637
21017
25022
32531
30453
16800
9436
25311
7522
19752
10517
30722
13773
17575
10132
22476
26073
8839
12081
7048
20533
29444
32322
7934
23830
19157
11955
19516
26341
4366
26713
21654
7988
8261
3459
31468
16375
755
5586
21291
23793
20254
2891
6934
26988
25909
23979
4167
17965
5692
32762
26480
27559
29992
1123
18663
1135
22413
10819
30306
3056
18806
4736
32255
17760
30868
3612
7815
7923
23196
15114
16627
21838
4842
25408
11055
27454
23402
21005
20511
18858
29880
5037
24800
7110
24966
21275
848
15242
28991
18982
20944
16995
24041
30663
2120
4648
336
4274
620
27215
25953
24107
28478
23905
13268
32539
24020
15019
18702
16227
1884
16439
28229
31088
31325
10490
32485
13839
2880
27471
32050
32387
11790
15268
23087
5334
7547
10099
29887
1644
29476
23669
5131
19678
5397
28690
24867
28933
7310
15131
9192
25684
6663
7611
18217
1131
23153
16299
26636
31978
4543
8358
29872
31619
3749
3357
7696
27220
23455
19243
8491
9331
28982
5067
11106
22730
23935
11337
24097
3877
1252
13302
13761
905
24614
31264
22445
19400
23459
28737
3012
31570
15317
3191
25855
14670
11036
12340
23892
31977
21693
26423
26842
25582
12586
4795
17453
22424
26500
21742
532
29604
26718
20644
7265
25513
9668
4429
3097
10924
3195
12068
11477
2287
8843
938
28520
29707
28411
595
8130
21822
3804
2431
16917
518
7049
16299
19254
8943
17964
20713
14405
31913
19588
8333
18832
20317
10982
17194
25781
16449
12162
21693
25095
363
21224
32551
18739
11235
31179
17633
16676
32763
1028
25579
14115
32739
19673
25861
323
6264
128
11042
32764
19549
27359
5914
790
5453
9110
5023
30152
28591
15167
7538
5666
17515
19956
7126
15272
9469
7954
7494
28992
3528
8765
19555
26190
8876
5541
12592
31517
6618
4487
4737
27777
18663
12534
2993
25274
2080
14299
10900
26524
24606
23099
10668
2029
13722
2232
6816
9231
26498
26203
5353
13278
4939
19344
15567
476
29578
31346
13972
8588
3262
26697
23023
9499
7280
16465
14780
22085
32383
958
21489
30327
31925
27388
32212
18993
15517
27707
24683
29615
16281
2859
6452
24776
10543
22020
21271
20502
16292
13258
27545
12631
23244
26575
30802
25875
13600
28281
16545
8064
21265
5957
32670
29346
29852
12
592
17334
17695
21894
30241
12241
15723
32012
31630
9157
27674
2978
20771
11076
6179
11828
10919
15176
29099
26400
2196
31665
17694
17653
9162
21552
25727
30330
16771
16485
15100
24563
906
12100
16070
5535
2216
29117
13599
24453
29023
31900
31925
10865
7387
430
21038
2617
12838
9253
17156
12612
18843
19517
17043
333
19101
24096
5488
6501
20873
22535
1789
1335
12776
7075
7482
29072
26858
26299
16094
2591
5136
16150
32679
25721
16424
21915
1774
7263
9342
9399
17534
1348
7761
19967
26534
5386
132
31511
19597
27661
2966
17874
21446
7778
8660
27546
22564
8801
3021
20499
14032
2144
24839
4859
7576
24514
26864
15701
5002
27953
2071
18886
28610
5671
3484
3135
12928
9651
29926
15580
29822
20090
28563
10764
24704
3580
19381
22003
27436
21784
2619
780
15644
6610
14765
29715
818
13909
26909
25378
6443
14644
18266
29722
17015
2805
16998
9796
25928
3280
15146
2360
31722
5300
8553
14590
12370
27275
3059
25972
22009
10943
8475
26863
13803
12797
25450
12837
24858
30265
13973
1355
31993
28914
12461
22650
15942
32439
2966
20311
1575
22506
19130
6643
21881
1732
26878
15088
2661
32409
8950
30950
7220
14429
12628
32516
18788
30824
1959
28923
27643
8566
27458
30231
26651
14578
30329
32687
